5
amenity=restaurant
101
480348682
311886862
1243809301
495570453
479236120
114310686
297880608
26122787
129557542
25620518
418094121
495570481
1277647420
1277647424
1216466497
416406608
343634528
480328296
408438890
299611755
560401014
311888512
475049092
1105954950
480482955
133267084
428215444
430012055
312404120
133267097
447867546
128668311
114310301
420807841
112593058
560405665
503018150
112617127
26016422
493769388
1097379506
25632448
114312390
112617159
343634631
474699485
414127326
25507555
112677103
1110338291
299610871
501225720
414952186
414952188
25503998
1264279295
1165604098
1072187144
111467273
432578826
299585291
1110698255
444030224
135814928
25507600
519337747
493669135
319327519
415406372
475080491
480476974
137901873
479183683
135825223
497922892
416063311
112618343
428050309
474385800
335739277
135886748
500009890
111428006
1309301162
1097394602
1279354288
314075573
1097394613
122452409
1097394624
112688578
473240009
125375435
1209790928
112688598
112688601
478862297
560409062
1209790954
698819576
476009979
amenity=cafe
101
479183873
311624193
1097394698
416375844
416375846
1334167596
475082799
343646772
257735220
495570486
111508025
848514117
921193542
126580296
560975954
480499795
479435858
1277605470
503018086
428214888
418090107
497869949
111465604
112652932
428217479
428215432
129777800
428215442
114309780
412525207
25632411
138218142
479512742
414913212
1097379528
1279779529
475715786
1280037579
1103500491
314074321
111479505
445041881
114311904
25507553
1252543205
506111733
445041909
452584702
414952190
480495875
1223806727
1264279310
1165604111
128655631
25504025
432578853
475360039
25532204
111430447
432578864
414134071
411504964
414134090
1097394511
1097394515
1097394517
478632790
412753749
413275491
130075499
478100847
111484788
25440127
474385803
424029076
135886748
122439070
135826849
444017064
415754665
478903215
415398835
1216830903
475737527
1243857849
299611581
257736645
447872457
122452434
125375442
314074581
495570392
26122714
417058275
1161739747
473880558
137981937
1097394674
353290228
698819580
698819583
amenity=fast_food
101
135822336
285949956
314553861
1223751693
126647309
501142553
430284833
416375846
297370151
1097394728
335561263
663689264
663689265
495570479
299585609
1296455254
1147306587
428215392
420774512
1277620341
663689338
503018107
560401022
475549315
311888516
429544582
560976008
128669176
137884299
128668303
285908631
112593054
560976031
480482979
428214948
493769387
129552045
128594096
1277620406
1165604024
430267067
26016444
26015933
1278758082
428208836
111479500
111479507
475715798
479297772
497181943
432578817
299585296
444004632
428215583
319327519
429381407
429381410
497186084
432578853
428215590
1164520746
1274830123
311888684
478863664
481401143
128623929
135857477
478632774
414134085
137982795
414134093
500009820
297369444
432578919
96497010
299614580
413301119
1207543170
479412103
1333616032
431654316
26122670
335560628
1097394613
96500153
96500160
513925574
495570375
479226826
1223751631
286968789
297369050
26122716
1297709020
126625245
138219492
1263433190
1103952871
135830508
1103952885
1103952888
amenity=bar
101
560409090
1103952901
424593418
90380816
474812440
343646747
1254261278
343646761
343634478
481410606
433471537
299582004
311624247
138230334
497171014
343646791
534476364
475410511
137996370
1221804117
122528346
299614301
417060449
480482919
560975975
129786479
26015872
480328320
1225943171
111620229
409114759
133267088
428215444
276935833
1110673561
444026522
281726620
114310301
133267102
1165604009
26016429
112617134
1105955003
411614923
112617168
1296455377
128591064
1198805209
343634650
429833945
479297762
474800360
480493292
114322161
1165498107
475055357
137903874
503018246
411029258
1072187150
128655633
773982483
444004628
501225749
411029268
773982497
128560421
1279835449
314073915
1207572285
444004672
114310467
299614041
412513627
475877747
474553716
417061246
789695371
478115211
1239645074
480346520
314549158
25504180
100118454
958305721
100118457
420776895
112688576
1043000770
478903237
285910475
26122704
299610586
299610588
513936352
1263433187
25632227
428215784
1279795690
1103952885
698819583
amenity=pub
101
481392129
112652830
114310688
311624224
297880608
125384240
848514113
128580163
479435846
475081804
429378637
1243857999
111486031
112594525
90379359
479435872
1225943149
475049092
497870987
418012813
1329457294
135822993
495504019
112613533
1291503777
1110673569
503018146
311887526
411842220
112613556
1103500480
560409287
1097379530
335562443
1165604043
112617168
789709524
25503962
111506653
1187434209
128591075
478208230
1092942055
126410483
25507573
506111735
126600955
848508668
414952191
112613634
1097379588
1252543247
415406356
135814943
428215584
428217636
480323884
428215596
414134065
128655665
497922866
445439290
335562043
314073918
1216751949
1097394513
314075474
445439334
1108076393
135824233
500009840
497871216
314044278
475341692
793739645
474797443
299612559
1264279440
560408977
480346518
25504167
111447980
111428013
1103952814
26122668
1108123571
1043000761
126404031
1097394626
343646659
412248004
125375433
424016848
311889362
90378711
495570399
1202110433
281726448
495570417
1223751668
135822332