6
tourism=information
85
1306995201
292621825
1235213828
264119300
702048264
1204997138
446361619
1182469145
445099576
1103987260
1214153284
292782664
293055566
1204987983
279906902
447549020
293055588
292716135
292782697
1205022828
648999036
493571713
297525899
1205022862
520161935
445067422
1006031520
444060338
500157106
1194803382
792698554
292782784
1235206854
899203275
1316575948
345292499
792698583
433469148
1316575967
292622560
1235217636
501754597
1152870628
447549159
500424432
295232756
130219272
292715810
292782890
445082411
648998190
292599090
446319925
130213176
278727487
278726982
738950984
278726989
500666199
293054297
500657511
295366005
648996213
1235213691
500918671
264119193
278973343
445099429
264119206
445099432
1179868588
1207060405
292963765
1306612662
1214153151
446361536
1159958468
500335571
1214152660
1274592730
269533659
436639205
1160030705
269523954
269523956
tourism=attraction
85
292622852
278974469
278486534
1205022731
446361611
1205022736
295232548
1131139625
269524522
264119342
450324016
292782647
444058687
1235213896
264119370
1295098449
26122833
292622419
500157011
293055576
1316579931
1214152803
264117353
1235206267
1235206274
1235206275
1235206278
292621967
293055638
520161943
493571738
445067418
292279459
431947945
419725486
297525935
1298385082
445082298
433469142
295232728
1295083227
1235217629
443981025
292622581
445053691
295232763
445028105
447565583
1204968728
292622627
263571752
1274575144
1214153018
263571772
278726984
269528908
1182454604
293054287
269533008
277374290
292970326
1204992347
130216289
292622182
1152888168
293564274
715629440
1179868567
1128697751
702048167
1306612668
264119238
702048200
280205260
292622285
1316566993
1152888277
1214152672
292622820
1160030702
1235202038
279907319
269523961
1316579838
1204987903
tourism=viewpoint
85
26122759
279907337
292622351
445099551
1204987952
292716086
1159972919
419846205
1205022782
26057813
264117335
279101019
292958812
279101031
702048361
450324074
280205420
500157036
1205022830
1235226225
445082225
292782720
277374609
1194803346
431947934
444060328
419725485
1129478833
431947954
445067446
792698554
1194803387
447549119
420160713
1235217610
293560523
1104540367
500774609
447565529
447565538
295232752
25449719
263571713
292622090
1194803489
292622626
292622648
278727489
1187957070
446319952
445053788
1159958364
1219138396
446319964
1274575196
446319972
1219138408
278484337
293564277
288239486
292622724
288239493
295366025
279907210
292782491
288193950
1204992426
1159958443
292959147
1204958126
293561778
292621747
436639165
1204992453
293561809
1103523794
292715990
1316576229
445099498
1235202027
742657004
770666475
1306995183
293054449
702048250
tourism=picnic_site
85
292782598
1306995228
445099548
292970528
1182469155
1179868712
1131139630
26122808
702048315
702048326
292622407
295232589
295232591
1205022803
288228951
445082206
292963464
292716179
292622490
1316540059
135774884
292622503
1209742512
277374641
278974130
1298385078
446317242
1129478850
293560519
1235217608
264117448
264117453
445067469
446317264
433469140
1194803414
500069082
446317278
500143840
445082344
1182447861
112664316
445028098
292970242
130219277
500657430
292622113
492712247
280202570
269533005
278726992
269533014
263571799
446319959
615999844
280205670
500657511
293564265
269522295
269559167
319309697
1207060368
292782481
525405078
1204992425
444063147
501766589
1204992451
1103523780
279906779
1179868638
1182467553
1159972835
1235207653
420782054
264119271
1235202024
436639210
292621808
1182467570
26122739
295231988
295231989
1316579833
419274234
tourism=camp_site
85
1235213828
251059205
1159972871
278486541
1235213843
295232555
278580779
1204987952
444058674
1235213876
1205022779
445099589
1182455891
1204987999
264117345
1234721381
1147943022
1147943025
445082234
419846272
1205022858
293055626
447549075
293057173
293057175
447549079
292970137
1129574555
493571761
445082296
293560523
1235217611
1295083213
447565525
293560534
708249301
295232728
269524218
269561097
1274575115
792698639
278485778
1103987476
279907095
1194803485
433469220
1204968742
1244605738
445053756
445028163
292599109
1160030535
445053772
292782928
278727531
1001197949
269559168
295366019
278974855
288193927
1214153612
500918672
293564307
1187134867
1244598170
293561759
1221776804
277374373
525405096
269523887
1306995120
770666419
1204958135
135769017
1316566973
1306612669
292958658
1179868619
292621774
433073105
292621778
419728348
269533668
1235207659
1187957746
tourism=monument
85
278486548
1204987927
242027546
292782621
1031684638
446361633
742657065
444058670
1204987953
1205022779
702048321
292319813
1204964423
26122825
450324045
280205429
447549046
1316579960
447549073
1316540054
443980955
1316540059
1194803362
1205022887
445067432
899203244
445353648
1235206841
450324173
501754600
1235226346
1316575981
292279026
445053682
1316575989
26122997
130219258
269524219
130212607
295232769
445082376
1204960522
447565580
446319889
277374230
446319903
445028127
1182454611
288193877
293564245
1204992341
648996185
1129477982
1214153571
500335459
292622182
1219138417
702048118
278727552
130216320
128684946
1104541074
293054358
278974872
1187134873
277374360
293054367
292622751
279915425
278973349
1235213738
501766575
128684985
96490441
292622793
436639185
293561813
264119259
1160030689
292622308
1214153193
292782570
1214153718
436639224
1316579838