5
amenity=restaurant
85
292621831
1214152714
420023308
264119311
1182469139
295232558
446361658
419275331
1187956804
447548996
292782664
295232590
1205022803
444058720
500157028
279907430
450324075
278728303
445082234
26121339
1204988031
493571712
1205022851
292716169
443980943
493571727
500157076
446317212
278724781
1129574577
269524153
446317242
1031697596
792698565
450324178
345292499
445082327
277374682
500657882
1316575967
1235226354
292279028
1316575989
1233599746
433469205
278485786
648998174
446319908
445028136
1204968753
1129528128
269528908
1182454609
319309657
500143962
1182454622
292959075
445028201
1219138410
1129572205
708249455
1129572211
292782969
729859452
1128697729
278727553
288239492
715629451
292622230
1207060376
292783517
292715936
1235787171
292622762
292782509
293561774
492329905
1204992461
445099484
293561827
26122730
1306995179
446361586
269523956
1205022719
amenity=cafe
85
1106228234
292622858
1235213837
450323989
279907354
1204987942
295232555
1214153775
1205005873
295232563
264119350
419275323
1205005889
264119362
447549006
279101027
292716139
295232626
418194547
1316579960
500424322
1235226247
292716169
1235206282
130213008
1204988064
447565474
492381859
1235217582
269524145
1209742517
1152888503
278724792
447549118
278724799
420160703
297525954
445067459
1235226311
1316575948
293560525
446317264
1235226321
500657874
295232730
130219255
292782839
792698620
278728451
278485766
269522186
1194803470
1204960526
278485784
269524262
277374248
1244605738
875811119
277374264
278726977
278726983
292959059
1214153558
1235202041
277374320
1160030578
26058104
1221776797
500918688
444063139
292715951
1179868599
501766584
1306612669
264119235
525406148
1207065550
436639189
419728346
1235213789
446361565
26122724
1179868659
419274232
26122745
amenity=fast_food
85
278974470
1214153244
429205574
295232582
702048326
1179868757
500157015
1204987996
1147943018
500917357
264117373
445082239
297525894
702048392
1205022860
443980945
1194803346
500143764
792698523
263576223
1209742502
429200553
1106138282
431947960
292716217
278977729
1194800321
450324162
492381892
297525956
1194803399
293560519
1295083215
292782799
292782801
792698590
447565535
443981035
1204960502
292782844
26123007
295526657
278485761
446319875
295526667
1194803491
277374245
433469222
445053742
280205616
130213175
1194803511
1194803528
277374285
269533022
1159958368
1235787114
445053805
288193903
130216311
288239491
128684941
500918671
264119193
702048163
278973348
293561770
1306995120
1128697778
1204958134
501766589
1204992449
293561794
128684997
293054422
292622806
1204987871
269567455
26122725
269533672
1182467570
269523958
419274230
419274234
436639230
amenity=bar
85
1152902656
278974465
242027527
501766663
278486549
278486552
1235202075
702048284
1204997155
1152902706
444058677
450324024
26122809
447548993
292621892
293055573
1204987992
702048356
26121322
26121324
1316540015
742656637
445082249
297525909
443980955
1129478819
431947950
278724789
264117439
278724799
420160709
292622030
293560531
447565535
263571680
1131137253
292782824
792698607
292782833
1316575986
446319861
500369141
292782845
90376957
447565570
297364740
130219281
1182447893
292959001
292622105
445028128
278485798
445028135
445082415
445028183
1235787111
1159958378
269522292
278727541
1295082363
445086077
295366025
1128697749
500918677
702048150
278973336
1159958428
278973343
292715936
292622760
500335534
292782511
269523891
1214152630
292782519
293561786
1214152641
1204958153
501766607
1103523806
1235202019
1214153190
269560807
1160030703
1187957245
amenity=pub
85
501766656
264119299
251059205
501766663
1205005836
293054480
279906836
1221776404
1205022746
1205022751
292621857
279907363
1205005860
1179868708
875810853
1179868712
1204964394
264119351
1204997175
1179868729
445099581
1194775629
1179868754
292622419
292782698
444058732
292782702
1147943037
295232646
420785291
446317202
500424348
698801315
135774884
1235206309
899203245
292302513
1106138292
445067445
447565496
428672190
1235206849
1235206850
492381892
1205022919
445067468
1298385108
447549160
1235226344
443981040
295232767
277374231
445108010
278973231
292583223
292622659
279907139
1129528142
445028179
279907160
293054299
1182454621
445028194
1204992356
293561703
500686189
445032816
1235787120
292583285
295366032
1207060375
1235213732
501766568
293561769
492387754
501766572
292782525
1194769857
1214152659
446361555
1316576226
501766632
492329966
1179868660
251059197