6
tourism=information
23
1249745408
1052802819
1249745158
1338672143
1241362596
1337026732
1337026480
1251283254
1286223671
1051964348
1251283393
1109164356
402329041
1241380435
1249763033
1251282908
1249745633
423840609
1051964516
1249745252
1238411760
1251283313
1338671984
tourism=attraction
23
1338726407
1252224521
1252224524
1251282960
402328720
1249745298
1241362583
1338672024
1251283097
1207585436
1054703900
1249745582
1051964591
1249745587
1249745465
1286223683
1242512331
1337026255
1238411858
1207585624
1337026541
423840624
1238420221
tourism=viewpoint
23
1251283072
1338672012
1252224525
1229047698
1338726423
367602588
1249745693
1054703922
275996469
899126589
1051964226
1252224450
1251283397
1249745622
1338688473
1337026266
1337026270
1241362657
1051964516
1252224492
1238411761
1249745656
1337026299
tourism=picnic_site
23
1238420226
1337026310
1249745415
1251300491
1241362585
1052047778
1241362598
1337026738
1338672178
288201917
402328893
1338726338
1338688323
1241362637
1337026390
402328920
1337026648
1337026778
1207585766
1249745385
288195823
1249745649
1337336312
tourism=camp_site
23
1238420353
1251283202
1246640900
1286223626
1251283090
367602580
1338672163
1252224681
1337026219
1249745324
1337026732
1338726453
402328894
1286223552
899126487
1286223712
1052047968
1242512358
1051964142
1252224496
1052047738
1286223740
1338688639
tourism=monument
23
1251283202
1249745667
1241362715
1249745465
1337026617
1054703934
1249745349
1337026758
1241362511
1338688592
1059564881
1229010145
1252224742
1346179432
1338688233
1252224747
1337026669
1051964398
402328943
1238411893
1242512374
1241362551
1207544184