5
amenity=restaurant
23
1251300480
1337026433
1052802816
1238411910
1338672269
1241362724
1249745448
1242959147
1052047800
1251283134
1251283135
1241362628
1338688455
1338688583
1241374684
1337026273
1338672099
1252224486
1337026408
1338688233
1052802793
423840617
1241362550
amenity=cafe
23
1242959124
1249745313
1241362472
1338726314
1251283376
1052802868
1249745333
994629174
1249745212
1252224708
1338688453
1337026759
402329043
423785044
1249745237
1252224600
1338688601
1251300445
1252224482
1051964142
288201970
1249745528
1238411771
amenity=fast_food
23
1246640900
1051964165
288201990
1337026692
1337026459
1251283229
1246641076
1055447105
1249745605
1337026758
899126476
1337026512
1249745490
1059564883
1239300052
1251283157
1337026272
1252224742
1052047850
402328941
1251283310
1252224756
1051964279
amenity=bar
23
1249745414
1337026316
899126428
1241362717
1109149473
1338672045
1238411822
1338726332
1242512328
1109164365
1241380436
1338726357
402328921
1251282905
1252224475
1251282908
1251300454
402328939
423840620
1251300462
367602544
1229047670
1052047870
amenity=pub
23
1249745536
1337026444
1241362574
1109149456
1251283097
1337026459
1251283250
1241362483
26130616
402328891
1337026493
1286223551
1252224715
1052938448
1241374681
1207585369
1052803034
1207585629
1229010148
1337026277
288201972
1252224507
1207585532