5
amenity=restaurant
32
390279553
1068433669
1232229639
534823182
457553810
1340357524
100174747
1330646812
385010589
1103908522
994136619
1341966128
390067634
1280618803
457547315
998240570
410351554
1131574861
482743759
1242340692
391277666
384987364
1103236606
719013735
1330250088
1271600877
1131574772
1340357494
1110673659
390064892
701002110
699260287
amenity=cafe
32
1103236616
100165898
392954253
336969872
503706262
404737179
100168476
464762365
624265125
1032260646
1103236647
1024974758
624265133
1167473326
1103908527
457560239
1103908537
404737850
1330637244
26058951
1274939484
410351197
1315892702
391276638
1274939488
1110673508
1131574756
391277671
1110673514
26020337
26058749
392954109
amenity=fast_food
32
391647750
26020367
356803090
26019989
399766684
1165384093
1131574685
391648548
503706157
464755890
391648189
1271592766
410351554
390067146
1030913228
336969805
1074045138
392954323
1330250068
530710613
1271613782
1232569171
399764051
385008858
26058746
464757228
356803182
1272432634
1272151547
464755708
464757245
1104600959
amenity=bar
32
1272150657
1330250243
1330213767
1103908487
1103236619
1315891217
26020372
1131574677
1024974618
689479579
503706269
464757289
336970030
336969914
1272500923
26020028
26020031
1232540740
503706182
457547337
1315892683
701048781
1131574866
1136514773
26020313
1232663008
1330638816
1330250224
534823158
100164346
701191163
464762364
amenity=pub
32
26020486
404735098
457547146
457553808
1052277264
392954258
506299923
998195091
1167473317
503706157
1131574704
503706162
1272462387
336969657
1167473350
336969801
1167473361
457547347
719013724
1052277085
1131574885
26020326
384987367
530710632
1242340718
998240501
1274939511
534823161
1030945274
1274924411
402749052
503706238