5
amenity=restaurant
61
251208962
1208599044
265458564
600798218
600752908
603954957
1082571021
251697935
1080660243
373374489
373409436
265458589
1112923934
603954589
264357792
596184225
597568677
1345854761
1104631083
600755372
1104631086
603954096
264357682
372931890
603324982
597568698
1103681979
1112924095
1103681984
1112923970
264358083
250833735
251206220
1103641167
1112923984
1103678032
597568594
603942995
1104611411
373442262
604626300
1112923995
601029725
1112356959
1205773927
1080636650
1103614187
603324909
250833774
1082529903
1304793200
1304793202
603323890
603323892
603953780
603943798
265458548
374582523
922495868
1104313085
600743166
amenity=cafe
61
250833794
603953666
1104433667
597568646
603323145
1104437262
603324047
1103606416
265458322
1103666453
1082525462
596184215
1104324886
604624667
597568031
251697952
374581288
264357417
250833452
264358061
603953713
1112924081
1208599091
1071014835
604624564
374580408
373381562
252057281
373410243
603954117
269374790
374582854
1104322885
603954633
600752976
374376147
1103669846
372931800
269374812
1080667868
1345855197
264357088
597568608
1103614178
1103614180
1080609766
1104321512
1088210665
1082553451
603323886
374583408
596178673
373442162
265458035
372932084
604624628
1088210934
603954169
373441914
1103647740
1071023870
amenity=fast_food
61
265458564
603954053
251698313
250833803
1104433676
603324043
603942931
373374485
1345855127
1080643101
1104437282
1304793253
1306136486
603954984
597568044
604624173
603323950
1104314159
373409583
1208599218
1080639668
603323188
741685814
1104611511
1345855285
1208599223
1112924092
373388480
1304997825
1208582466
1304931267
604626244
1082557509
603953742
600823247
374666960
603953745
1112923986
1104314197
1304793174
373441879
1103678040
603323224
373442136
596178651
1080637917
600752992
1104581345
264357219
600828771
603323109
600752998
1104321511
374580328
1104631144
1104433647
600828784
264357105
1104611442
251698165
1104631158
amenity=bar
61
1304922630
1082522119
1304922633
1075520906
603954188
264358032
1104444944
1080657556
264357655
1103647643
251698340
597568676
600761256
1082540072
251208753
741685812
376320821
741685814
264357943
27114549
1345340349
1103681984
1112358209
1104322882
1080625731
1074089026
264358083
1103601222
741685831
1103632714
922441548
374736589
1080639054
1103960142
597568636
1208598989
250833746
1074017235
1080621524
603324628
603942358
1103606356
265458260
1103614171
1103614172
1205766497
377059175
252057320
922441576
601031401
601031404
1345855086
264357103
600826743
1112358511
600826738
251698419
600753011
1103682167
373409913
603954172
amenity=pub
61
604624129
1104313092
1208598920
1103601294
1104324881
603953810
372939283
597568277
251698328
597568667
596174108
373374494
251208736
1103666467
604624940
1103644717
374376493
1080667693
250833456
1082568109
1104587313
264358063
1104332717
597568308
264357688
596178618
1104423362
1103641283
1080608197
603324101
603953735
374582470
1103678021
374581198
1071004880
1103614163
600761301
1080643286
265458648
1112923993
264358234
603954141
600828768
1104581345
1205773921
252057313
265458020
603943904
374582758
1345855080
603323882
387532907
269374829
1080635374
1082529903
600752877
264357102
601029746
376081393
603954551
1104613757