5
amenity=restaurant
29
1173486723
1167369736
1321544585
1191507720
449815820
1185825677
1173440014
1167369755
1185825694
1321544183
1188232494
1189510578
1173440051
1103651646
1178253246
1189056711
1174120906
1190301006
1174116949
1193130453
1192542584
1173444069
1191453542
1187136619
130212980
1183641846
1173439990
1174120952
1183684094
amenity=cafe
29
1173424898
1194803458
1186511109
1159931405
1173457680
449815842
1187139235
1187130540
1174116653
278730286
1187070126
1103651760
1183630384
1191507762
1173440051
1174116673
449816001
1179851716
1180139982
1113220313
1149039198
1173444062
278486887
1299524334
1321544559
1191393777
1318750840
1192542588
445088893
amenity=fast_food
29
1183684097
1187119106
1193218564
449815941
1173457683
1159931414
1173440022
1173452837
1174124583
1187086270
1160057031
1173452745
1161008075
1308678988
1178253262
1194803410
1173487062
1187130582
1321544026
1173444062
1113220324
1158156648
1191482476
130212978
1173452790
1159931511
1187136634
269567739
1192542588
amenity=bar
29
1321544066
1158156421
1193302918
1161008009
1321544587
1173452950
1165964694
1194804893
278973347
1194766761
1179851691
449815851
1173452717
1183684152
1173440060
1321544125
1193320895
449815875
1183621583
1174116433
1190301011
1308678999
1173497308
1173440095
1321544166
135806310
449815913
1178253290
1173425131
amenity=pub
29
1183630338
1113220482
1193302788
1321544585
1173486730
1193130384
1173457680
1187119120
1194760983
1187087904
1187139237
1186511141
1173487022
1173486900
1183621556
278486598
1183641802
1173494091
1183684046
1299524305
1321544407
1179847769
1187130586
1316588128
1173444067
1173452901
1183630457
278486907
1191478783