5
amenity=restaurant
73
1198934528
663694593
276939649
1332814852
1199489286
276938119
1126327304
1161017353
1321499658
1326188427
1165931527
1213521680
1321499796
567391381
1318762262
1183708695
130215958
1321499801
567391514
114328981
444058656
276936865
1165917474
276936867
663859749
1325763064
1222473642
663694764
276930093
1199479596
1327529264
1253610289
276938037
1224763575
663694648
672696247
1318763449
1325763003
663859903
445353536
1222473666
1321505477
1167321926
1315184583
920226119
473177799
920225866
1318769996
1318769997
1224763598
567391439
276938066
1318768850
920226003
1126355542
1213521624
1213521757
567391458
1318762342
444041703
413696359
276937064
1213521407
1253610477
276928877
324175601
1321499507
314536437
1253610233
1143316597
705534072
1165955961
314536703
amenity=cafe
73
1197710081
705534211
1318766723
1224763653
1240664708
1076821383
1325759493
276938122
276938125
705534989
130215949
1210450065
1027838353
1198840084
1327534487
663694615
1316548121
1325762970
1325753246
663860383
567391392
1198934692
1316572709
324175269
276929320
705534250
1126327083
1214165297
1243223602
567391411
920225843
1126355508
276928822
672696247
1325762999
1325748151
1167321913
324175286
1316566972
1321505467
413696063
1222473666
1143318851
1316548164
488593477
1161008066
1253610702
1253610320
1316566992
1307798482
1224763472
473183447
1240664792
1325758168
663859802
1241974744
1326182360
1325748314
1198840030
1165955927
672696157
1165917400
1351232689
1316576238
1126327159
663694574
663860337
1183630323
130215925
1242071541
1199517047
672695669
1198873210
amenity=fast_food
73
1198934528
1224763521
705534979
488593413
1213521543
1325748243
1316566931
445353621
1327527060
687994646
1126327194
920226202
276928796
1253610269
1167767324
1321505308
920226208
663859744
1126327330
1197710114
1318763428
1325762981
567391525
1315167914
445099564
276942125
25449263
663859761
567391414
672696247
1222473654
314536377
473183421
1326184509
567391425
1325763010
1165939265
1316566981
276929990
672696135
413695944
276938057
567391434
1321499723
705534413
1253610317
1318766672
276936146
1321505363
1214165330
276939732
705534935
1186433879
413696090
567391196
1198934879
663859808
1318770019
1189111396
1253610470
276939750
1076821351
276936169
663689449
1126327019
1325758186
1321499501
1321505262
1251023344
1198945907
1027838452
314536437
1186433912
amenity=bar
73
1326165760
567391489
1199517059
324175236
705534084
276930566
1193244166
1224763655
1161017350
276937354
314542602
276939783
567391495
1318772739
1027838865
1321499410
567391507
130215957
276936087
413696281
705534362
1243218969
1253610394
1307798813
1224763551
314536609
1197710114
1318772772
1321499558
1253610407
663689382
1325758121
130214694
1198969899
1318765226
1318762285
1198839982
1325763118
1214165424
324175281
1318768817
1199479604
920225845
413696442
1307752764
428672189
1321505471
314536383
1164361512
1198952259
276929987
413696071
1076761162
488593354
1307756236
920226126
276928718
1213521656
276942164
314536535
1318765223
276936155
1213521759
1253610465
1199479651
1103679465
1315159277
920226288
1197708405
444041590
1164361462
276932135
1318762367
amenity=pub
73
1213521666
1198905220
1213521669
276939782
1318758284
276937357
1198829454
1321505421
314536593
1318768786
663689363
1321499796
1253610261
1185192085
413695764
1253610393
276928797
1318771230
1183630367
705534880
1161008034
1198829476
1126327205
663694633
1214165290
1210089387
1183709434
1318771241
1321499182
663694638
663689392
324175281
276938033
1076761140
663694773
1326182328
276928825
920225848
314536379
1314217918
324173507
324173508
567391428
920226246
444058619
1318758343
1198934861
276928721
1199499858
276939735
1214165463
920225880
1165939291
276938077
1240664671
496545504
1213521761
920225887
1321499487
112664166
1325762925
1224763629
276937069
444041710
276930037
276938101
276942199
663689208
920225913
1318770042
567391483
1325758204
1214165373